[TELESCOPE]
telescope = Parkes
longitude = 148.2623
latitude = -32.9994
elevation_threshold = 34.25

[BINARY]
source_name = J0523
ra = 80.80325 
dec = -25.53191667
orbital_period = 0.68813  # days
reference_time = 56577.14636299992  # BJD 
